      0/99      2.6G      8.47      75.7       3.1      87.3        30       256         0         0   0.00012         0      7.99      11.3      3.01
      1/99     2.62G       7.5      7.42      2.94      17.9        29       256         0         0  0.000176         0      7.29       4.1      2.85
      2/99     2.62G      6.85      4.57      2.74      14.2        29       256         0         0  0.000894         0      7.21      4.21      2.57
      3/99     2.62G      6.31      4.88      2.57      13.8        25       256         0         0   0.00245         0      6.78      4.56      2.38
      4/99     2.62G      5.74      5.83      2.39        14        33       256         0         0   0.00443         0      6.09      4.58      2.18
      5/99     2.62G      5.41      5.55      2.29      13.2        25       256         0         0     0.011         0      5.76      4.52      2.06
      6/99     2.62G      5.12      4.73      2.24      12.1        24       256         0         0    0.0358         0      5.37      4.04      1.94
      7/99     2.62G      4.69      5.32      2.03        12        25       256     0.333   0.00333    0.0393    0.0066         5      3.65      1.92
      8/99     2.62G       4.7       3.9      1.98      10.6        31       256    0.0322   0.00129    0.0462   0.00248      5.05      3.29      1.87
      9/99     2.62G      4.99      3.78      2.05      10.8        18       256    0.0965    0.0515    0.0451    0.0668      5.16      3.35       1.9
     10/99     2.62G      5.33      2.56      2.03      9.92        22       256     0.123     0.081    0.0389    0.0966      5.75      3.51      1.91
     11/99     2.62G      5.57      2.08      1.94       9.6        26       256     0.143    0.0374    0.0494    0.0581      5.66      3.66      1.89
     12/99     2.62G      4.88      2.07      1.92      8.87        24       256     0.173     0.083    0.0984     0.111      5.05      2.91      1.86
     13/99     2.62G      4.75       1.8      1.96       8.5        21       256     0.231     0.173      0.14     0.192      4.82      2.21      1.84
     14/99     2.62G      4.57      1.76      1.82      8.14        23       256     0.252      0.26     0.198     0.248      4.34      1.84      1.82
     15/99     2.62G      4.55      1.59      1.87      8.01        40       256     0.228     0.245     0.214     0.229      4.17      1.65       1.8
     16/99     2.62G      4.57      1.66      1.94      8.17        33       256     0.263      0.27     0.214     0.258      4.58      1.41      1.77
     17/99     2.62G       4.3      1.39      1.87      7.56        24       256     0.279     0.295     0.222     0.277      4.64      1.37      1.75
     18/99     2.62G      4.48      1.38      1.84       7.7        28       256     0.265     0.231     0.249     0.235      4.47      1.42      1.73
     19/99     2.62G      4.45      1.27      1.89      7.61        25       256     0.338     0.159     0.229     0.187       4.7      1.54      1.73
     20/99     2.62G      4.42      1.33      1.88      7.63        25       256     0.279     0.379     0.245     0.318      4.99      1.24      1.71
     21/99     2.62G      4.86      1.25       1.9      8.02        37       256     0.294     0.477     0.287     0.361      5.03      1.13      1.71
     22/99     2.62G      4.38      1.18      1.79      7.35        22       256     0.278     0.555     0.357     0.368      4.19     0.973       1.7
     23/99     2.62G      4.08      1.27      1.73      7.08        26       256     0.329     0.509     0.375     0.397      4.27      1.05      1.68
     24/99     2.62G       4.2      1.06      1.73      6.99        21       256     0.399     0.332     0.336     0.355      4.31      1.27      1.64
     25/99     2.62G      3.98      1.22      1.75      6.95        35       256     0.504     0.385     0.431     0.425      3.67      1.23      1.63
     26/99     2.62G      4.27      1.05      1.79      7.11        36       256     0.645     0.324     0.456     0.415      4.22      1.38      1.62
     27/99     2.62G      4.22      1.03      1.74      6.99        25       256     0.453     0.476     0.432     0.456      3.89      1.08      1.57
     28/99     2.62G      3.93     0.946       1.7      6.58        25       256     0.454     0.509     0.491     0.475      3.34      1.09      1.56
     29/99     2.62G      3.87       1.1      1.64       6.6        28       256     0.419     0.564     0.481     0.478      3.78     0.957      1.54
     30/99     2.62G      4.13         1      1.58      6.71        21       256     0.727     0.455     0.543     0.537      3.94      1.08      1.51
     31/99     2.62G      4.29     0.821       1.6      6.71        27       256      0.78     0.331     0.502     0.436      4.09      1.41      1.51
     32/99     2.62G      3.86      1.05      1.42      6.32        25       256     0.488     0.515     0.467     0.489      4.38      1.18      1.46
     33/99     2.62G      3.99     0.949      1.62      6.55        22       256     0.404     0.682     0.592     0.506      3.34     0.887      1.44
     34/99     2.62G      4.22      1.02      1.69      6.92        30       256     0.445      0.65     0.556     0.524      4.46     0.853      1.38
     35/99     2.62G      4.06      1.11      1.62       6.8        34       256     0.415     0.655      0.59     0.503      3.91     0.891       1.4
     36/99     2.62G      3.84      1.04      1.47      6.34        29       256     0.346     0.669     0.591     0.455      3.64     0.838      1.39
     37/99     2.62G      4.07     0.937      1.34      6.34        31       256      0.37     0.617      0.55     0.461      3.47     0.885      1.34
     38/99     2.62G      4.12     0.966      1.26      6.34        31       256     0.521     0.666     0.661     0.581      3.57     0.769       1.3
     39/99     2.62G      3.67     0.892      1.31      5.87        37       256     0.441     0.701     0.658     0.538      3.33     0.729       1.3
     40/99     2.62G      4.01     0.859      1.36      6.23        25       256     0.515      0.67     0.615     0.581      3.64     0.917      1.27
     41/99     2.62G      3.69     0.889      1.37      5.95        24       256     0.504     0.723     0.673      0.59      3.69     0.789      1.24
     42/99     2.62G      3.75     0.863      1.23      5.85        21       256     0.491     0.742     0.678     0.589      4.16     0.747      1.23
     43/99     2.62G      3.68     0.922      1.18      5.79        23       256     0.529     0.702     0.673       0.6      3.62     0.815      1.23
     44/99     2.62G      3.41     0.937      1.33      5.67        28       256      0.46     0.734     0.649     0.559      3.59     0.778      1.29
     45/99     2.62G      3.43      0.95       1.2      5.58        23       256     0.473     0.735     0.625     0.575      3.25     0.788      1.27
     46/99     2.62G      3.49     0.945      1.22      5.65        37       256     0.662     0.591     0.628     0.616      3.47      1.04      1.31
     47/99     2.62G       3.6     0.801      1.27      5.68        24       256     0.744     0.524     0.629     0.584       3.8      1.08      1.26
     48/99     2.62G      3.31     0.829      1.27       5.4        25       256     0.607     0.692     0.688     0.644       3.1     0.724      1.15
     49/99     2.62G      3.27     0.866      1.25      5.39        23       256     0.533     0.721     0.658     0.611      3.13     0.661      1.17
     50/99     2.62G      3.45     0.809      1.11      5.37        26       256     0.544     0.751     0.696     0.628      3.43     0.693      1.14
     51/99     2.62G      3.14     0.766      1.17      5.08        22       256     0.497     0.799     0.724     0.611      3.12     0.608      1.12
     52/99     2.62G      3.22     0.848      1.07      5.14        27       256     0.476     0.812     0.773     0.597      2.99     0.679       1.1
     53/99     2.62G      2.91      0.76      1.17      4.84        29       256      0.51     0.782     0.749     0.611      2.88     0.721      1.11
     54/99     2.62G      3.02     0.765       1.3      5.09        26       256     0.637     0.694     0.691     0.622      3.15      0.85      1.26
     55/99     2.62G      3.07     0.732      1.25      5.05        25       256     0.657     0.729     0.744     0.671      2.95     0.738      1.22
     56/99     2.62G      2.89     0.633      1.15      4.68        27       256     0.634     0.719     0.715     0.667      2.86     0.743      1.23
     57/99     2.62G      2.95     0.775      1.28      5.01        30       256     0.567     0.762     0.762      0.65      2.79     0.667      1.16
     58/99     2.62G      2.83     0.721      1.26      4.81        29       256      0.55     0.779     0.749     0.644      2.75       0.6      1.15
     59/99     2.62G      2.76     0.808      1.15      4.73        28       256     0.556     0.804     0.762     0.657       2.9     0.602      1.14
     60/99     2.62G      2.74     0.677      1.29       4.7        32       256      0.67     0.764     0.772     0.713      2.53     0.674      1.14
     61/99     2.62G      2.77     0.717      1.21       4.7        30       256     0.665     0.766     0.776      0.71      2.45     0.636      1.14
     62/99     2.62G      2.74     0.594         1      4.33        15       256     0.676     0.774     0.784     0.718      2.92     0.649      1.09
     63/99     2.62G      2.84     0.805      1.23      4.88        28       256     0.742     0.746      0.79     0.737      2.86     0.662      1.08
     64/99     2.62G      2.63      0.71      1.24      4.58        41       256     0.711     0.807      0.82     0.753      2.43     0.591      1.07
     65/99     2.62G      2.56     0.604      1.11      4.27        26       256     0.653     0.834     0.824     0.731      2.58     0.562      1.07
     66/99     2.62G      2.58     0.755      1.08      4.41        33       256      0.66     0.841      0.84     0.739       2.3     0.532      1.05
     67/99     2.62G      2.55     0.733      1.13      4.41        27       256     0.624     0.848     0.839     0.719      2.24     0.538      1.04
     68/99     2.62G      2.39     0.665      1.04       4.1        27       256     0.657     0.834     0.835     0.735       2.4     0.585      1.05
     69/99     2.62G      2.46      0.58     0.975      4.02        22       256     0.725     0.802     0.831     0.761      2.37     0.599      1.06
     70/99     2.62G      2.41     0.608      1.03      4.04        16       256     0.756     0.781     0.813     0.768      2.36     0.594      1.07
     71/99     2.62G      2.38     0.648      1.09      4.12        26       256     0.783     0.813     0.835     0.796      2.24     0.554      1.05
     72/99     2.62G      2.29     0.625      1.11      4.02        37       256     0.738     0.832      0.84     0.782      2.19     0.548      1.03
     73/99     2.62G      2.28     0.613      1.14      4.04        35       256     0.695     0.819     0.833     0.752      2.15     0.549      1.03
     74/99     2.62G      2.26     0.656      1.15      4.07        36       256     0.744     0.818     0.816     0.779      2.22     0.626      1.06
     75/99     2.62G      2.24     0.615      1.11      3.97        29       256     0.699     0.828     0.816     0.757      2.17      0.62      1.05
     76/99     2.62G       2.1     0.572         1      3.68        31       256     0.705     0.847     0.828     0.769      2.16     0.598      1.04
     77/99     2.62G      2.33     0.621      1.24      4.19        20       256     0.689      0.85     0.834     0.761      2.09     0.571      1.03
     78/99     2.62G       2.1     0.624      1.09      3.82        22       256     0.686     0.867     0.848     0.766      2.08     0.538      1.02
     79/99     2.62G      2.22     0.582      1.08      3.89        29       256     0.693     0.872     0.852     0.772      1.98     0.524      1.01
     80/99     2.62G      2.03     0.594     0.985      3.61        31       256     0.705     0.872     0.861      0.78         2     0.515      1.01
     81/99     2.62G      1.97     0.605      1.04      3.61        27       256     0.715     0.872     0.862     0.786      1.96       0.5     0.999
     82/99     2.62G      2.12     0.558      1.05      3.73        27       256     0.716     0.866     0.854     0.784      1.95     0.502     0.998
     83/99     2.62G      2.19      0.57       1.1      3.86        29       256     0.722     0.865     0.857     0.787         2      0.51     0.998
     84/99     2.62G      2.06     0.592      1.21      3.86        30       256     0.699     0.862     0.852     0.771      1.93     0.482     0.995
     85/99     2.62G      2.09     0.568      1.12      3.77        36       256     0.688     0.867     0.853     0.766      1.92     0.476     0.997
     86/99     2.62G      1.93      0.56      1.01       3.5        33       256     0.713     0.859     0.846     0.779      1.88      0.48      1.01
     87/99     2.62G      1.81     0.609      1.03      3.45        29       256     0.721     0.854     0.843     0.782       1.9     0.493      1.02
     88/99     2.62G      1.91     0.518     0.991      3.42        21       256      0.73     0.854     0.843     0.787      1.97     0.504      1.04
     89/99     2.62G      1.96     0.634      1.09      3.68        22       256      0.74     0.854     0.846     0.793      1.92     0.503      1.05
     90/99     2.62G      1.85     0.552      1.05      3.45        32       256     0.718     0.861     0.856     0.783       1.9       0.5      1.03
     91/99     2.62G      1.85     0.525       1.1      3.48        24       256     0.689     0.854     0.849     0.763      1.88      0.49      1.02
     92/99     2.62G      1.91     0.596      1.07      3.58        33       256      0.69     0.859     0.855     0.765      1.85     0.483         1
     93/99     2.62G      1.87     0.613      1.06      3.54        31       256     0.698     0.872     0.859     0.775      1.85     0.474     0.994
     94/99     2.62G       1.8     0.503      1.02      3.32        21       256     0.679     0.872     0.865     0.764      1.82     0.463     0.986
     95/99     2.62G      1.85     0.564      1.03      3.44        27       256     0.686     0.872     0.867     0.768      1.84     0.459     0.982
     96/99     2.62G      1.94     0.528       1.2      3.68        23       256     0.685     0.874     0.868     0.768      1.82     0.461     0.984
     97/99     2.62G      1.91     0.564      1.13       3.6        27       256     0.692     0.874     0.865     0.772      1.81     0.465     0.986
     98/99     2.62G      1.89     0.629      1.17      3.69        29       256     0.729     0.861     0.858     0.789      1.83      0.47      0.99
     99/99     2.62G       1.9     0.496     0.984      3.38        29       256     0.732     0.861     0.857     0.791      1.82     0.474     0.992
